
2 9 1 5 4 3 6 8 7 
3 4 5 6 7 8 1 2 9 
6 7 8 1 2 9 3 4 5 
1 2 3 4 5 6 7 9 8 
4 5 6 8 9 7 2 1 3 
7 8 9 2 3 1 4 5 6 
5 1 7 3 8 2 9 6 4 
8 3 2 9 6 4 5 7 1 
9 6 4 7 1 5 8 3 2 

2 9 1 5 4 3 6 8 7 
3 4 5 6 7 8 1 2 9 
6 7 8 1 2 9 3 4 5 
1 2 3 4 5 6 7 9 8 
4 5 6 8 9 7 2 1 3 
7 8 9 2 3 1 4 5 6 
5 1 7 3 8 2 9 6 4 
8 3 2 9 6 4 5 7 1 
9 6 4 7 1 5 8 3 2 

2 9 1 5 4 3 6 8 7 
3 4 5 6 7 8 1 2 9 
6 7 8 1 2 9 3 4 5 
1 2 3 4 5 6 7 9 8 
4 5 6 8 9 7 2 1 3 
7 8 9 2 3 1 4 5 6 
5 1 7 3 8 2 9 6 4 
8 3 2 9 6 4 5 7 1 
9 6 4 7 1 5 8 3 2 
